0 110010000
1 000011001
9 000010110
6561 100110000
729 011010000
3 000010000
243 000010000
2187 000010000
27 000010000
5 000111000
261 010010010
15309 000111000
1485 010010010
21 000111000
29 010010010
3645 000111000
13365 010010010
7 000001000
495 000000010
10935 000100000
783 010000000
15 000100000
55 000000010
5103 000001000
7047 010000000
11 000010010
6579 000110000
13851 010010000
1459 000011000
19 000010010
731 000011000
8019 010010000
13131 000110000
14 000010000
6822 000010000
16038 000010000
1486 000010000
22 000010000
758 000010000
10206 000010000
13374 000010000
16 000100000
7056 010000000
11664 000001000
784 000000010
32 001011001
264 000010111
15552 100110100
3672 111010000
33 001001010
489 000100011
4617 010100100
2241 110001000
249 100100010
57 000001110
4401 010001001
2673 011100000
34 000001000
498 000000010
11178 000100000
2970 010000000
258 000100000
58 000000010
5130 000001000
9234 010000000
38 000000010
6582 000100000
14094 010000000
3646 000001000
262 000000010
734 000001000
8046 010000000
15318 000100000
42 100011111
7050 101110110
5346 111110001
2242 011011101
250 001110111
786 101011011
10962 111011100
2682 110110101
44 000011110
7068 100110010
18468 011110000
3700 010011001
268 000110011
788 001011010
12420 110011000
15804 010110100
45 010010001
13125 000011100
1701 100010010
2189 001110000
245 010010100
1461 000110001
13149 001010010
2205 100011000
46 000010000
13134 000010000
8262 000010000
2918 000010000
254 000010000
1462 000010000
13878 000010000
8766 000010000
48 100011111
13368 101110110
3888 111110001
2216 011011101
248 001110111
1488 101011011
15336 111011100
2448 110110101
50 000011111
13386 100110110
17010 111110000
3674 011011001
266 000110111
1490 001011011
16794 111011000
15570 110110100
52 000011000
13620 000010010
12636 000110000
2972 010010000
260 000110000
1516 000010010
18252 000011000
9252 010010000
63 010011001
6567 000011110
1215 100110010
4375 011110000
487 010110100
735 000110011
6615 001011010
4383 110011000
64 010000000
6576 000001000
7776 000000010
5104 000100000
496 010000000
736 000100000
7344 000000010
10944 000001000
66 000010100
6810 100010000
3402 001010000
4402 000010001
490 000010001
762 001010000
8802 100010000
4626 000010100
68 000010100
6828 100010000
16524 001010000
5860 000010001
508 000010001
764 001010000
10260 100010000
17748 000010100
70 000011111
7062 100110110
12150 111110000
5158 011011001
502 000110111
790 001011011
11718 111011000
11430 110110100
76 000000010
13380 000100000
10692 010000000
5132 000001000
500 000000010
1492 000001000
16092 010000000
11196 000100000
81 010000000
83 011001000
99 000001011
13203 000100110
1539 110100000
86 001101111
342 110100111
15390 111101100
1566 111001011
102 100101111
110 011001111
3726 111101001
13446 111100110
87 100100110
567 111100000
4455 011001001
135 000001111
88 000000001
576 000000100
11016 100000000
864 001000000
96 000000100
136 000000001
5184 001000000
7128 100000000
92 010101111
6660 110101110
13932 111101010
1540 011101011
100 010101111
812 011101011
8100 111101010
13212 110101110
98 000101110
7146 110100010
18306 011101000
1594 010001011
106 000101011
866 011001010
12474 110101000
13698 010100110
104 000100110
13464 110100000
16848 011001000
1568 000001011
114 000001000
570 000000010
4698 000100000
2322 010000000
330 000100000
138 000000010
4482 000001000
2754 010000000
116 001001110
588 100100011
17820 011100100
3780 110001001
348 100100011
140 001001110
5940 110001001
15876 011100100
125 000001111
7149 100100110
18549 111100000
3781 011001001
349 000100111
869 001001011
12501 111001000
15885 110100100
126 110001111
13206 101101110
1782 111100011
2270 011101101
326 011100111
1542 101101011
13230 111001110
2286 110101101
128 010001011
13224 000101110
14904 110100010
3728 011101000
344 010100110
1544 000101011
14688 011001010
15408 110101000
131 000001111
13467 100100110
17091 111100000
3755 011001001
347 000100111
1571 001001011
16875 111001000
15651 110100100
132 100001001
13692 001000110
6156 100100001
2324 011000100
332 001100100
1596 100000011
17604 001001100
2772 110000001
133 000001111
13701 100100110
12717 111100000
3053 011001001
341 000100111
1597 001001011
18333 111001000
9333 110100100
142 000000001
582 000000100
11502 100000000
5238 001000000
144 000000100
6648 100000000
1296 001000000
4456 000000001
568 000000001
816 001000000
6696 100000000
4464 000000100
146 010000110
6666 100101000
14418 011000010
5914 000101001
586 010000011
818 001101000
8154 110000010
17586 000101100
149 000001111
6909 100100110
16605 111100000
5941 011001001
589 000100111
845 001001011
10341 111001000
17829 110100100
150 000000101
7134 100000100
5670 101000000
4510 001000001
574 000000101
870 001000001
11070 101000000
4950 100000100
151 000000001
7143 000000100
12231 100000000
5239 001000000
583 000000100
871 000000001
11799 001000000
11511 100000000
154 000000011
13218 000100100
8586 110000000
5186 001001000
578 000000110
1546 000001001
13986 011000000
11034 100100000
156 000000010
13452 000100000
4212 010000000
4484 000001000
572 000000010
1572 000001000
15444 010000000
4716 000100000
157 000000010
13461 000100000
10773 010000000
5213 000001000
581 000000010
1573 000001000
16173 010000000
11277 000100000
163 011001000
171 000001011
6723 000100110
891 110100000
165 100100110
405 111100000
2349 011001001
189 000001111
166 001001110
414 100100011
8910 011100100
918 110001001
174 100100011
190 001001110
3078 110001001
6966 011100100
172 000100010
6732 010100000
7452 010001000
892 000001010
176 000000001
6984 000000100
16200 100000000
1648 001000000
184 000000100
920 000000001
10368 001000000
13536 100000000
178 000000010
7218 000100000
11826 010000000
946 000001000
192 000000001
408 000000100
2592 100000000
2376 001000000
194 000000001
426 000000100
15714 100000000
3834 001000000
196 000000010
660 000100000
11340 010000000
3132 000001000
420 000000010
220 000001000
5292 010000000
9396 000100000
198 000000010
6726 000100000
1134 010000000
2350 000001000
406 000000010
894 000001000
6750 010000000
2358 000100000
200 000000011
6744 000100100
14256 110000000
3808 001001000
424 000000110
896 000001001
8208 011000000
15480 100100000
203 000000001
6987 000000100
16443 100000000
3835 001000000
427 000000100
923 000000001
10395 001000000
15723 100000000
204 000000010
7212 000100000
5508 010000000
2404 000001000
412 000000010
948 000001000
11124 010000000
2844 000100000
205 000000010
7221 000100000
12069 010000000
3133 000001000
421 000000010
949 000001000
11853 010000000
9405 000100000
208 000000100
13296 100000000
8424 001000000
3080 000000001
416 000000001
1624 001000000
14040 100000000
8928 000000100
210 000000101
13530 100000100
4050 101000000
2378 001000001
410 000000101
1650 001000001
15498 101000000
2610 100000100
211 000000100
13539 100000000
10611 001000000
3107 000000001
419 000000001
1651 001000000
16227 100000000
9171 000000100
226 000001000
6738 000000010
7938 000100000
5266 010000000
658 000100000
898 000000010
7506 000001000
11106 010000000
228 000001000
6972 000000010
3564 000100000
4564 010000000
652 000100000
924 000000010
8964 000001000
4788 010000000
229 000001000
6981 000000010
10125 000100000
5293 010000000
661 000100000
925 000000010
9693 000001000
11349 010000000
272 000010000
2208 000010000
13392 000010000
3648 000010000
288 000010000
2192 000010000
1728 000010000
15312 000010000
276 100010110
2676 101110000
4644 011010001
2244 000011101
278 001010010
2694 000110001
17766 010010100
3702 100011000
294 100010010
2246 000011100
6102 010010001
15798 001110000
287 000010111
9255 100110100
18495 111010000
3703 001011001
295 000010111
2975 001011001
12663 111010000
15807 100110100
290 010010100
15330 100011000
14850 001010010
3650 000110001
293 000010110
15573 100110000
17037 011010000
3677 000011001
297 010000000
2193 000001000
513 000000010
4377 000100000
298 000000010
2202 000100000
7074 010000000
5106 000001000
522 000000010
2194 000001000
1026 010000000
10938 000100000
300 101010111
2436 101110101
2700 111010101
4404 101011101
516 101010111
2220 101011101
2484 111010101
4620 101110101
302 000010110
2454 100110000
15822 011010000
5862 000011001
534 000010011
2222 001011000
3942 110010000
17742 000110100
304 000000011
2688 000100100
11448 110000000
5160 001001000
528 000000110
2248 000001001
5400 011000000
11424 100100000
306 010010100
8754 100011000
1242 001010010
4378 000110001
514 010010001
2922 001110000
6858 100010010
4386 000011100
308 000000100
8772 100000000
14364 001000000
5836 000000001
532 000000001
2924 001000000
8316 100000000
17508 000000100
311 000000100
9015 100000000
16551 001000000
5863 000000001
535 000000001
2951 001000000
10503 100000000
17751 000000100
312 000000001
9240 000000100
5616 100000000
4432 001000000
520 000000100
2976 000000001
11232 001000000
4872 100000000
313 000000011
9249 000100100
12177 110000000
5161 001001000
529 000000110
2977 000001001
11961 011000000
11433 100100000
316 000000010
15324 000100000
8532 010000000
5108 000001000
524 000000010
3652 000001000
14148 010000000
10956 000100000
318 000000110
15558 100100000
4158 011000000
4406 000001001
518 000000011
3678 001001000
15606 110000000
4638 000100100
319 000000010
15567 000100000
10719 010000000
5135 000001000
527 000000010
3679 000001000
16335 010000000
11199 000100000
378 010000000
2274 000001000
594 000000010
4458 000100000
380 010000100
2292 100001000
13716 001000010
5916 000100001
612 010000001
2276 001100000
1836 100000010
17580 000001100
383 001000111
2535 100100101
15903 111000100
5943 101001001
615 100000111
2303 001001101
4023 111000001
17823 101100100
384 000000001
2760 000000100
4968 100000000
4512 001000000
600 000000100
2328 000000001
4752 001000000
4944 100000000
385 000000001
2769 000000100
11529 100000000
5241 001000000
609 000000100
2329 000000001
5481 001000000
11505 100000000
389 000000100
8853 100000000
14445 001000000
5917 000000001
613 000000001
3005 001000000
8397 100000000
17589 000000100
393 000000001
9321 000000100
5697 100000000
4513 001000000
601 000000100
3057 000000001
11313 001000000
4953 100000000
395 000000100
9339 100000000
18819 001000000
5971 000000001
619 000000001
3059 001000000
12771 100000000
18075 000000100
396 000000010
15396 000100000
2052 010000000
4460 000001000
596 000000010
3732 000001000
13500 010000000
4476 000100000
397 000000010
15405 000100000
8613 010000000
5189 000001000
605 000000010
3733 000001000
14229 010000000
11037 000100000
399 000000010
15639 000100000
4239 010000000
4487 000001000
599 000000010
3759 000001000
15687 010000000
4719 000100000
401 000000110
15657 100100000
17361 011000000
5945 000001001
617 000000011
3761 001001000
17145 110000000
17841 000100100
403 000000011
15891 000100100
12987 110000000
5243 001001000
611 000000110
3787 000001001
18603 011000000
11523 100100000
432 100000000
2352 001000000
434 000000001
2370 000000100
13554 100000000
3810 001000000
450 000000100
2354 000000001
1890 001000000
15474 100000000
437 000000001
2613 000000100
15741 100000000
3837 001000000
453 000000100
2381 000000001
4077 001000000
15717 100000000
438 000000010
2838 000100000
4806 010000000
2406 000001000
439 000000010
2847 000100000
11367 010000000
3135 000001000
447 000000010
2407 000001000
5535 010000000
9399 000100000
443 000000011
8931 000100100
14283 110000000
3811 001001000
451 000000110
3083 000001001
8451 011000000
15483 100100000
449 000000010
9417 000100000
18657 010000000
3865 000001000
457 000000010
3137 000001000
12825 010000000
15969 000100000
455 000000100
15735 100000000
17199 001000000
3839 000000001
460 010000110
2364 100101000
7236 011000010
5268 000101001
684 010000011
2356 001101000
1188 110000010
11100 000101100
462 100000110
2598 101100000
2862 011000001
4566 000001101
678 001000011
2382 101001000
2646 110000100
4782 000100101
463 001000111
2607 100100101
9423 111000100
5295 101001001
687 100000111
2383 001001101
3375 111000001
11343 101100100
468 110000011
8916 001101100
1404 110000011
4540 001101100
676 011000110
3084 100101001
7020 011000110
4548 100101001
469 000000010
8925 000100000
7965 010000000
5269 000001000
685 000000010
3085 000001000
7749 010000000
11109 000100000
471 000000100
9159 100000000
3591 001000000
4567 000000001
679 000000001
3111 001000000
9207 100000000
4791 000000100
473 000000100
9177 100000000
16713 001000000
6025 000000001
697 000000001
3113 001000000
10665 100000000
17913 000000100
475 000000010
9411 000100000
12339 010000000
5323 000001000
691 000000010
3139 000001000
12123 010000000
11595 000100000
481 000000110
15729 100100000
10881 011000000
5297 000001001
689 000000011
3841 001001000
16497 110000000
11361 000100100
544 000010000
4632 000010000
9288 000010000
5136 000010000
552 000010000
4408 000010000
3456 000010000
11184 000010000
550 000010000
10950 000010000
7830 000010000
5110 000010000
553 000010000
11193 000010000
10017 000010000
5137 000010000
622 011000111
4470 100101101
7182 111000110
5190 101101001
630 110000111
4462 001101101
1350 111000011
11022 101101100
624 100000110
4704 101100000
2808 011000001
4488 000001101
625 001000111
4713 100100101
9369 111000100
5217 101001001
633 100000111
4489 001001101
3537 111000001
11265 101100100
631 010000110
11031 100101000
7911 011000010
5191 000101001
635 000000110
11283 100100000
16659 011000000
5947 000001001
643 000000011
5219 001001000
10827 110000000
17835 000100100
637 000000100
11517 100000000
12285 001000000
5245 000000001
740 000010000
6580 000010000
13860 000010000
8020 000010000
744 000010000
7048 000010000
5112 000010000
6616 000010000
6568 000010000
792 000010000
10936 000010000
1224 000010000
746 000110010
7066 010110000
18234 010011000
8074 000011010
6586 000011010
794 010011000
12394 010110000
14346 000110010
747 110110000
13123 011011000
1467 000011011
6563 000110110
748 010001000
13132 000001010
8028 000100010
7292 010100000
6572 010100000
1468 000100010
13852 000001010
7308 010001000
750 000001000
13366 000000010
3654 000100000
6590 010000000
6566 000100000
1494 000000010
15310 000001000
990 010000000
752 000111011
13384 010110110
16776 110111000
8048 011011010
6584 000111110
1496 010011011
16768 011111000
14112 110110010
754 000110011
13618 010110100
12402 110011000
7346 001011010
6578 000011110
1522 010011001
18226 011110000
7794 100110010
773 000011011
7069 000110110
18477 110110000
10261 011011000
6829 000110110
797 000011011
12421 011011000
16533 110110000
774 010001000
13126 000001010
1710 000100010
8750 010100000
6806 010100000
1470 000100010
13150 000001010
2934 010001000
776 010001000
13144 000001010
14832 000100010
10208 010100000
6824 010100000
1472 000100010
14608 000001010
16056 010001000
779 000011011
13387 000110110
17019 110110000
10235 011011000
6827 000110110
1499 000011011
16795 011011000
16299 110110000
780 100011011
13612 001110110
6084 110110001
8804 011011100
6812 001110110
1524 100011011
17524 011011100
3420 110110001
781 000011000
13621 000010010
12645 000110000
9533 010010000
6821 000110000
1525 000010010
18253 000011000
9981 010010000
798 000010000
7054 000010000
5598 000010000
10990 000010000
799 000010001
7063 000010100
12159 100010000
11719 001010000
802 000000010
13138 000100000
8514 010000000
11666 000001000
7058 000000010
1474 000001000
13906 010000000
11682 000100000
804 000001010
13372 000100010
4140 010100000
10964 010001000
7052 000100010
1500 000001010
15364 010001000
5364 010100000
805 000001010
13381 000100010
10701 010100000
11693 010001000
7061 000100010
1501 000001010
16093 010001000
11925 010100000
828 010100000
13204 010001000
1548 000001010
6644 000100010
830 010001000
13222 000001010
14670 000100010
8102 010100000
6662 010100000
1550 000100010
14662 000001010
13950 010001000
833 000101011
13465 010100110
16857 110101000
8129 011001010
6665 000101110
1577 010001011
16849 011101000
14193 110100010
834 100100011
13690 011100100
5922 110001001
6698 001001110
6650 001001110
1602 110001001
17578 011100100
1314 100100011
835 000000001
13699 000000100
12483 100000000
7427 001000000
6659 000000100
1603 000000001
18307 001000000
7875 100000000
857 000001000
13225 000000010
14913 000100000
10289 010000000
6905 000100000
1553 000000010
14689 000001000
16137 010000000
861 000001000
13693 000000010
6165 000100000
8885 010000000
6893 000100000
1605 000000010
17605 000001000
3501 010000000
863 000001000
13711 000000010
19287 000100000
10343 010000000
6911 000100000
1607 000000010
19063 000001000
16623 010000000
882 000000010
13210 000100000
2034 010000000
11018 000001000
7130 000000010
1554 000001000
13258 010000000
5202 000100000
883 000000011
13219 000100100
8595 110000000
11747 001001000
7139 000000110
1555 000001001
13987 011000000
11763 100100000
885 000000010
13453 000100000
4221 010000000
11045 000001000
7133 000000010
1581 000001000
15445 010000000
5445 000100000
887 000001010
13471 000100010
17343 010100000
12503 010001000
7151 000100010
1583 000001010
16903 010001000
18567 010100000
889 000000001
13705 000000100
12969 100000000
11801 001000000
7145 000000100
1609 000000001
18361 001000000
12249 100000000
900 110000000
6724 001001000
902 010001001
6742 000001110
14022 100100010
8182 011100000
905 000001001
6985 000000110
16209 100100000
8209 011000000
6745 000100100
929 000000011
10369 001001000
14265 110000000
906 100101011
7210 011100110
5274 110101001
6778 011001110
6730 001101110
954 110001011
11098 011101100
1386 110100011
907 000101011
7219 010100110
11835 110101000
7507 011001010
6739 000101110
955 010001011
11827 011101000
7947 110100010
910 000001000
13294 000000010
8190 000100000
7454 010000000
6734 000100000
1630 000000010
14014 000001000
7470 010000000
912 000101001
13528 010000110
3816 100101000
6752 011000010
6728 000101100
1656 010000011
15472 001101000
1152 110000010
913 000001000
13537 000000010
10377 000100000
7481 010000000
6737 000100000
1657 000000010
16201 000001000
7713 010000000
933 000000010
7213 000100000
5517 010000000
8965 000001000
6973 000000010
957 000001000
11125 010000000
3573 000100000
935 000000010
7231 000100000
18639 010000000
10423 000001000
6991 000000010
959 000001000
12583 010000000
16695 000100000
936 010000000
13288 000001000
1872 000000010
8912 000100000
6968 010000000
1632 000100000
13312 000000010
3096 000001000
937 010001000
13297 000001010
8433 000100010
9641 010100000
6977 010100000
1633 000100010
14041 000001010
9657 010001000
939 100001011
13531 001100110
4059 110100001
8939 011001100
6971 001100110
1659 100001011
15499 011001100
3339 110100001
941 000001001
13549 000000110
17181 100100000
10397 011000000
6989 000100100
1661 000000011
16957 001001000
16461 110000000
943 000000010
13783 000100000
12807 010000000
9695 000001000
6983 000000010
1687 000001000
18415 010000000
10143 000100000
961 000001001
7225 000000110
12321 100100000
11881 011000000
967 000001000
13543 000000010
10863 000100000
11855 010000000
7223 000100000
1663 000000010
16255 000001000
12087 010000000
974 011110011
2206 010111101
13158 110011110
8022 101111010
6606 110011110
2198 010111101
1702 011110011
13854 101111010
978 000100001
2674 010000100
4410 100001000
6618 001000010
6594 000001100
2250 010000001
4618 001100000
1218 100000010
980 000010000
2692 000010000
17532 000010000
8076 000010000
6612 000010000
2252 000010000
6076 000010000
14340 000010000
989 000010000
9253 000010000
18261 000010000
8077 000010000
6613 000010000
2981 000010000
12637 000010000
14349 000010000
992 010110000
15328 010011000
14616 000011010
8024 000110010
6608 010011000
3656 010110000
14824 000110010
13872 000011010
996 000100010
15796 010100000
5868 010001000
6620 000001010
6596 000001010
3708 010001000
17740 010100000
1236 000100010
997 000000010
15805 000100000
12429 010000000
7349 000001000
6605 000000010
3709 000001000
18469 010000000
7797 000100000
1007 000010000
2695 000010000
17775 000010000
10263 000010000
6855 000010000
2255 000010000
6103 000010000
16527 000010000
1019 010010011
15331 000111100
14859 110010010
10211 001111000
6851 010010110
3659 000111001
14851 011010010
16059 100111000
1023 000010000
15799 000010000
6111 000010000
8807 000010000
6839 000010000
3711 000010000
17767 000010000
3423 000010000
1025 000010000
15817 000010000
19233 000010000
10265 000010000
6857 000010000
3713 000010000
19225 000010000
16545 000010000
1028 011010000
2212 000011001
13644 000010110
12396 100110000
7092 110010000
2204 000110100
1756 000010011
18228 001011000
1032 101010011
2680 001110101
4896 110010101
10992 101011100
7080 101010110
2256 100011101
4672 011010101
5592 101110001
1033 000000011
2689 000100100
11457 110000000
11721 001001000
7089 000000110
2257 000001001
5401 011000000
12153 100100000
1037 010010011
8773 000111100
14373 110010010
12397 001111000
7093 010010110
2933 000111001
8317 011010010
18237 100111000
1041 000010001
9241 000010100
5625 100010000
10993 001010000
7081 000010100
2985 000010001
11233 001010000
5601 100010000
1043 000010000
9259 000010000
18747 000010000
12451 000010000
7099 000010000
2987 000010000
12691 000010000
18723 000010000
1044 010000010
15316 000101000
1980 010000010
10940 000101000
7076 010000010
3660 000101000
13420 010000010
5124 000101000
1045 000000010
15325 000100000
8541 010000000
11669 000001000
7085 000000010
3661 000001000
14149 010000000
11685 000100000
1051 000000010
15811 000100000
12915 010000000
11723 000001000
7091 000000010
3715 000001000
18523 010000000
12171 000100000
1061 001100011
2773 010100101
17613 110001100
8157 101001010
6693 100001110
2333 010001101
6157 011100001
14421 101100010
1073 010100011
15409 010101100
14697 110001010
8105 001101010
6689 010001110
3737 010101001
14905 011100010
13953 100101010
1077 000100000
15877 010000000
5949 000001000
6701 000000010
6677 000001000
3789 010000000
17821 000100000
1317 000000010
1079 000100000
15895 010000000
19071 000001000
8159 000000010
6695 000001000
3791 010000000
19279 000100000
14439 000000010
1109 011000011
2293 000101101
13725 110000110
12477 101101000
7173 110000110
2285 000101101
1837 011000011
18309 101101000
1113 001000001
2761 000000101
4977 100000100
11073 101000000
7161 100000100
2337 000000101
4753 001000001
5673 101000000
1115 001000000
2779 000000001
18099 000000100
12531 100000000
7179 100000000
2339 000000100
6211 000000001
18795 001000000
1125 010000010
15397 000101000
2061 010000010
11021 000101000
7157 010000010
3741 000101000
13501 010000010
5205 000101000
1127 010000000
15415 000001000
15183 000000010
12479 000100000
7175 010000000
3743 000100000
14959 000000010
18327 000001000
1131 100000011
15883 001100100
6435 110000001
11075 001001100
7163 001000110
3795 100001001
17875 011000100
5691 100100001
1132 000000011
15892 000100100
12996 110000000
11804 001001000
7172 000000110
3796 000001001
18604 011000000
12252 100100000
1136 010000000
2368 000001000
13320 000000010
8184 000100000
6768 010000000
2360 000100000
1864 000000010
14016 000001000
1140 000000010
2836 000100000
4572 010000000
6780 000001000
6756 000000010
2412 000001000
4780 010000000
1380 000100000
1141 000000010
2845 000100000
11133 010000000
7509 000001000
6765 000000010
2413 000001000
5509 010000000
7941 000100000
1145 010000001
8929 000001100
14049 100000010
8185 001100000
6769 010000100
3089 000100001
8425 001000010
14025 100001000
1149 100100011
9397 011100100
5301 110001001
6781 001001110
6757 001001110
3141 110001001
11341 011100100
1389 100100011
1151 000100011
9415 010100100
18423 110001000
8239 001001010
6775 000001110
3143 010001001
12799 011100000
14511 100100010
1153 010100011
15481 010101100
8217 110001010
7457 001101010
6761 010001110
3817 010101001
14257 011100010
7473 100101010
1159 000000010
15967 000100000
12591 010000000
7511 000001000
6767 000000010
3871 000001000
18631 010000000
7959 000100000
1163 010000001
2371 000001100
13563 100000010
10371 001100000
7011 010000100
2363 000100001
1891 001000010
16203 100001000
1167 100000011
2839 001100100
4815 110000001
8967 001001100
6999 001000110
2415 100001001
4807 011000100
3567 100100001
1169 001000011
2857 000100101
17937 110000100
10425 101001000
7017 100000110
2417 000001101
6265 011000001
16689 101100000
1178 000000011
9418 000100100
18666 110000000
10426 001001000
7018 000000110
3146 000001001
12826 011000000
16698 100100000
1179 010000000
15475 000001000
1899 000000010
8915 000100000
6995 010000000
3819 000100000
13555 000000010
3099 000001000
1181 010000000
15493 000001000
15021 000000010
10373 000100000
7013 010000000
3821 000100000
15013 000000010
16221 000001000
1185 000000010
15961 000100000
6273 010000000
8969 000001000
7001 000000010
3873 000001000
17929 010000000
3585 000100000
1186 000000010
15970 000100000
12834 010000000
9698 000001000
7010 000000010
3874 000001000
18658 010000000
10146 000100000
1189 011000000
2365 000001001
7245 000000110
11829 100100000
1195 000000010
2851 000100000
11619 010000000
11883 000001000
7251 000000010
2419 000001000
5563 010000000
12315 000100000
1197 010000000
8917 000001000
1413 000000010
11101 000100000
7237 010000000
3093 000100000
7021 000000010
5277 000001000
1199 010000000
8935 000001000
14535 000000010
12559 000100000
7255 010000000
3095 000100000
8479 000000010
18399 000001000
1203 100000011
9403 001100100
5787 110000001
11155 001001100
7243 001000110
3147 100001001
11395 011000100
5763 100100001
1204 000000011
9412 000100100
12348 110000000
11884 001001000
7252 000000110
3148 000001001
12124 011000000
12324 100100000
1207 010000010
15487 000101000
8703 010000010
11831 000101000
7247 010000010
3823 000101000
14311 010000010
11847 000101000
1216 001010000
4384 000010001
6624 000010100
7296 100010000
1220 001110011
4636 010110101
15372 110011100
8052 101011010
6636 100011110
4412 010011101
4132 011110001
14100 101110010
1222 000010000
4870 000010000
10998 000010000
7350 000010000
6630 000010000
4438 000010000
5590 000010000
7782 000010000
1226 000010010
10954 000110000
13914 010010000
8026 000011000
6634 000010010
5114 000011000
8506 010010000
13866 000110000
1229 000010010
11197 000110000
16101 010010000
8053 000011000
6637 000010010
5141 000011000
10693 010010000
14109 000110000
1230 000110000
11422 010010000
5166 000011000
6622 000010010
1231 000010000
11431 000010000
11727 000010000
7351 000010000
6631 000010000
5167 000010000
12151 000010000
7791 000010000
1234 000110011
17506 010110100
8082 110011000
7298 001011010
6626 000011110
5842 010011001
14338 011110000
7314 100110010
1237 000100000
17749 010000000
10269 000001000
7325 000000010
6629 000001000
5869 010000000
16525 000100000
7557 000000010
1244 000000010
4396 000100000
13428 010000000
10212 000001000
6876 000000010
4388 000001000
1972 010000000
16044 000100000
1247 000000011
4639 000100100
15615 110000000
10239 001001000
6879 000000110
4415 000001001
4159 011000000
16287 100100000
1248 001000000
4864 000000001
4680 000000100
8808 100000000
6864 100000000
4440 000000100
4888 000000001
3408 001000000
1249 001010000
4873 000010001
11241 000010100
9537 100010000
6873 100010000
4441 000010100
5617 000010001
9969 001010000
1253 000000010
10957 000100000
14157 010000000
10213 000001000
6877 000000010
5117 000001000
8533 010000000
16053 000100000
1257 100010011
11425 001110100
5409 110010001
8809 001011100
6865 001010110
5169 100011001
11449 011010100
3417 100110001
1259 000010010
11443 000110000
18531 010010000
10267 000011000
6883 000010010
5171 000011000
12907 010010000
16539 000110000
1260 110010011
17500 001111100
1764 110010011
8756 001111100
6860 011010110
5844 100111001
13636 011010110
2940 100111001
1261 010010001
17509 000011100
8325 100010010
9485 001110000
6869 010010100
5845 000110001
14365 001010010
9501 100011000
1263 000000001
17743 000000100
3951 100000000
8783 001000000
6863 000000100
5871 000000001
15823 001000000
3183 100000000
1265 000000011
17761 000100100
17073 110000000
10241 001001000
6881 000000110
5873 000001001
17281 011000000
16305 100100000
1267 000010011
17995 000110100
12699 110010000
9539 001011000
6875 000010110
5899 000011001
18739 011010000
9987 100110000
1270 000010000
4390 000010000
7110 000010000
11670 000010000
1272 000010000
4624 000010000
2736 000010000
10968 000010000
7104 000010000
4416 000010000
2728 000010000
5352 000010000
1273 001010010
4633 000110001
9297 010010100
11697 100011000
7113 100010010
4417 000011100
3457 010010001
11913 001110000
1278 000010000
10942 000010000
7102 000010000
5118 000010000
1279 000010000
10951 000010000
7839 000010000
11671 000010000
7111 000010000
5119 000010000
7831 000010000
11679 000010000
1281 000010000
11185 000010000
3465 000010000
10969 000010000
7105 000010000
5145 000010000
9289 000010000
5361 000010000
1283 000010000
11203 000010000
16587 000010000
12427 000010000
7123 000010000
5147 000010000
10747 000010000
18483 000010000
1285 000010000
11437 000010000
12213 000010000
11725 000010000
7117 000010000
5173 000010000
12205 000010000
12165 000010000
1291 000010011
17755 000110100
10755 110010000
11699 001011000
7115 000010110
5875 000011001
16579 011010000
11931 100110000
1298 001000010
4474 000100001
13266 010000100
8106 100001000
6714 100000010
4466 000001100
2026 010000001
13938 001100000
1301 000000010
4717 000100000
15453 010000000
8133 000001000
6717 000000010
4493 000001000
4213 010000000
14181 000100000
1302 101000000
4942 001000001
4518 000000101
6702 100000100
1303 001100011
4951 010100101
11079 110001100
7431 101001010
6711 100001110
4519 010001101
5671 011100001
7863 101100010
1315 000000001
17587 000000100
8163 100000000
7379 001000000
6707 000000100
5923 000000001
14419 001000000
7395 100000000
1319 000000010
17839 000100000
16911 010000000
8135 000001000
6719 000000010
5951 000001000
17335 010000000
14199 000100000
1321 000000001
18073 000000100
12537 100000000
7433 001000000
6713 000000100
5977 000000001
18793 001000000
7881 100000000
1325 000000010
4477 000100000
13509 010000000
10293 000001000
6957 000000010
4469 000001000
2053 010000000
16125 000100000
1329 001000000
4945 000000001
4761 000000100
8889 100000000
6945 100000000
4521 000000100
4969 000000001
3489 001000000
1331 001000000
4963 000000001
17883 000000100
10347 100000000
6963 100000000
4523 000000100
6427 000000001
16611 001000000
1341 110000011
17581 001101100
1845 110000011
8837 001101100
6941 011000110
5925 100101001
13717 011000110
3021 100101001
1343 000000010
17599 000100000
14967 010000000
10295 000001000
6959 000000010
5927 000001000
15175 010000000
16143 000100000
1346 000000010
17842 000100000
17154 010000000
10322 000001000
6962 000000010
5954 000001000
17362 010000000
16386 000100000
1347 100000011
18067 001100100
6219 110000001
8891 001001100
6947 001000110
5979 100001001
18091 011000100
3507 100100001
1348 000000001
18076 000000100
12780 100000000
9620 001000000
6956 000000100
5980 000000001
18820 001000000
10068 100000000
1351 011000000
4471 000001001
7191 000000110
11751 100100000
1353 101000011
4705 001100101
2817 110000101
11049 101001100
7185 101000110
4497 100001101
2809 011000101
5433 101100001
1355 001000010
4723 000100001
15939 010000100
12507 100001000
7203 100000010
4499 000001100
4267 010000001
18555 001100000
1357 001000001
4957 000000101
11565 100000100
11805 101000000
7197 100000100
4525 000000101
5725 001000001
12237 101000000
1369 000000011
17593 000100100
8649 110000000
11753 001001000
7193 000000110
5929 000001001
14473 011000000
11769 100100000
1371 000000010
17827 000100000
4275 010000000
11051 000001000
7187 000000010
5955 000001000
15931 010000000
5451 000100000
1372 000000010
17836 000100000
10836 010000000
11780 000001000
7196 000000010
5956 000001000
16660 010000000
12012 000100000
1378 000100000
4546 010000000
6786 000001000
7458 000000010
1381 000100000
4789 010000000
8973 000001000
7485 000000010
6789 000001000
4573 010000000
3565 000100000
7701 000000010
1387 010100010
11107 010101000
7515 010001010
7459 000101010
6787 010001010
5275 010101000
7939 010100010
7467 000101010
1391 000100011
11359 010100100
16263 110001000
8215 001001010
6799 000001110
5303 010001001
10855 011100000
14271 100100010
1393 000100011
11593 010100100
11889 110001000
7513 001001010
6793 000001110
5329 010001001
12313 011100000
7953 100100010
1399 000100000
17911 010000000
10431 000001000
7487 000000010
6791 000001000
6031 010000000
16687 000100000
7719 000000010
1405 011000000
4549 000001001
7029 000000110
9645 100100000
1407 000000001
4783 000000100
2655 100000000
8943 001000000
7023 000000100
4575 000000001
2863 001000000
3327 100000000
1409 000000001
4801 000000100
15777 100000000
10401 001000000
7041 000000100
4577 000000001
4321 001000000
16449 100000000
1411 000000010
5035 000100000
11403 010000000
9699 000001000
7035 000000010
4603 000001000
5779 010000000
10131 000100000
1415 000000010
11119 000100000
14319 010000000
10375 000001000
7039 000000010
5279 000001000
8695 010000000
16215 000100000
1418 000000011
11362 000100100
16506 110000000
10402 001001000
7042 000000110
5306 000001001
10882 011000000
16458 100100000
1419 000000010
11587 000100000
5571 010000000
8971 000001000
7027 000000010
5331 000001000
11611 010000000
3579 000100000
1420 000000010
11596 000100000
12132 010000000
9700 000001000
7036 000000010
5332 000001000
12340 010000000
10140 000100000
1423 010000011
17671 000101100
8487 110000010
9647 001101000
7031 010000110
6007 000101001
14527 011000010
9663 100101000
1425 000000001
17905 000000100
4113 100000000
8945 001000000
7025 000000100
6033 000000001
15985 001000000
3345 100000000
1426 000000001
17914 000000100
10674 100000000
9674 001000000
7034 000000100
6034 000000001
16714 001000000
9906 100000000
1480 000010000
13376 000010000
10224 000010000
13880 000010000
13136 000010000
1504 000010000
16040 000010000
8280 000010000
1506 000010001
13370 000010100
3906 100010000
15338 001010000
1507 000010000
13379 000010000
10467 000010000
16067 000010000
1558 010001001
13214 000001110
8118 100100010
13934 011100000
1560 100101011
13448 011100110
3744 110101001
13232 011001110
13208 001101110
1584 110001011
15392 011101100
1800 110100011
1561 000101011
13457 010100110
10305 110101000
13961 011001010
13217 000101110
1585 010001011
16121 011101000
8361 110100010
1587 100001001
13451 001000110
3987 100100001
15419 011000100
1589 000001001
13469 000000110
17109 100100000
16877 011000000
1591 000001001
13703 000000110
12735 100100000
16175 011000000
13463 000100100
1615 000000011
18335 001001000
10791 110000000
1704 000010000
2432 000010000
2232 000010000
13152 000010000
1706 000110000
2450 010010000
15354 000011000
14610 000010010
13170 000011000
2234 010010000
3890 000110000
14826 000010010
1708 001110011
2684 010110101
10980 110011100
13908 101011010
13164 100011110
2260 010011101
5348 011110001
8508 101110010
1712 000100000
8768 010000000
13896 000001000
14584 000000010
13168 000001000
2936 010000000
8264 000100000
14592 000000010
1715 000110000
9011 010010000
16083 000011000
14611 000010010
13171 000011000
2963 010010000
10451 000110000
14835 000010010
1716 100100011
9236 011100100
5148 110001001
13180 001001110
13156 001001110
2988 110001001
11180 011100100
1956 100100011
1717 000110011
9245 010110100
11709 110011000
13909 001011010
13165 000011110
2989 010011001
11909 011110000
8517 100110010
1720 000010010
15320 000110000
8064 010010000
13856 000011000
13160 000010010
3664 000011000
14096 010010000
8040 000110000
1722 000010000
15554 000010000
3690 000010000
13154 000010000
1723 000010010
15563 000110000
10251 010010000
13883 000011000
13163 000010010
3691 000011000
16283 010010000
8283 000110000
1730 011010000
2210 000011001
13410 000010110
16770 100110000
1733 001010011
2453 000110101
15597 110010100
16797 101011000
13413 100010110
2237 000011101
3917 011010001
17013 101110000
1734 101010010
2678 001110001
4662 010010101
15366 100011100
13398 101010010
2262 100011100
4646 010010101
4134 001110001
1735 001010011
2687 000110101
11223 110010100
16095 101011000
13407 100010110
2263 000011101
5375 011010001
10695 101110000
1739 010010011
8771 000111100
14139 110010010
16771 001111000
13411 010010110
2939 000111001
8291 011010010
16779 100111000
1743 100010011
9239 001110100
5391 110010001
15367 001011100
13399 001010110
2991 100011001
11207 011010100
4143 100110001
1745 000010011
9257 000110100
18513 110010000
16825 001011000
13417 000010110
2993 000011001
12665 011010000
17265 100110000
1746 000010000
15314 000010000
13394 000010000
3666 000010000
1747 000010000
15323 000010000
8307 000010000
16043 000010000
13403 000010000
3667 000010000
14123 000010000
10227 000010000
1749 000010000
15557 000010000
3933 000010000
15341 000010000
13397 000010000
3693 000010000
15581 000010000
3909 000010000
1751 000010001
15575 000010100
17055 100010000
16799 001010000
13415 000010100
3695 000010001
17039 001010000
17031 100010000
1753 000010010
15809 000110000
12681 010010000
16097 000011000
13409 000010010
3721 000011000
18497 010010000
10713 000110000
1758 000000010
2438 000100000
2718 010000000
17526 000001000
13638 000000010
2238 000001000
2486 010000000
6078 000100000
1759 000000010
2447 000100000
9279 010000000
18255 000001000
13647 000000010
2239 000001000
3215 010000000
12639 000100000
1765 000000010
8765 000100000
7821 010000000
18229 000001000
13645 000000010
2941 000001000
7589 010000000
12405 000100000
1767 100010010
8999 001110000
3447 010010001
17527 000011100
13639 001010010
2967 100011000
9047 010010100
6087 000110001
1769 000010011
9017 000110100
16569 110010000
18985 001011000
13657 000010110
2969 000011001
10505 011010000
19209 100110000
1771 000000011
9251 000100100
12195 110000000
18283 001001000
13651 000000110
2995 000001001
11963 011000000
12891 100100000
1777 000000010
15569 000100000
10737 010000000
18257 000001000
13649 000000010
3697 000001000
16337 010000000
12657 000100000
1784 010100000
2288 010001000
13248 000001010
14664 000100010
1787 001100011
2531 010100101
15435 110001100
14691 101001010
13251 100001110
2315 010001101
3971 011100001
14907 101100010
1788 100100011
2756 011100100
4500 110001001
13260 001001110
13236 001001110
2340 110001001
4700 011100100
2028 100100011
1789 001100011
2765 010100101
11061 110001100
13989 101001010
13245 100001110
2341 010001101
5429 011100001
8589 101100010
1793 000100000
8849 010000000
13977 000001000
14665 000000010
13249 000001000
3017 010000000
8345 000100000
14673 000000010
1797 000100000
9317 010000000
5229 000001000
13261 000000010
13237 000001000
3069 010000000
11261 000100000
2037 000000010
1799 000100000
9335 010000000
18351 000001000
14719 000000010
13255 000001000
3071 010000000
12719 000100000
15159 000000010
1801 010100011
15401 010101100
8145 110001010
13937 001101010
13241 010001110
3745 010101001
14177 011100010
8121 100101010
1803 100100000
15635 011000000
3771 000001001
13235 000000110
1805 000100011
15653 010100100
16893 110001000
14693 001001010
13253 000001110
3773 010001001
17093 011100000
14925 100100010
1807 000100011
15887 010100100
12519 110001000
13991 001001010
13247 000001110
3799 010001001
18551 011100000
8607 100100010
1839 000000010
2519 000100000
2799 010000000
17607 000001000
13719 000000010
2319 000001000
2567 010000000
6159 000100000
1841 000000010
2537 000100000
15921 010000000
19065 000001000
13737 000000010
2321 000001000
4025 010000000
19281 000100000
1843 000000011
2771 000100100
11547 110000000
18363 001001000
13731 000000110
2347 000001001
5483 011000000
12963 100100000
1847 010000011
8855 000101100
14463 110000010
19039 001101000
13735 010000110
3023 000101001
8399 011000010
19047 100101000
1850 000000010
9098 000100000
16650 010000000
19066 000001000
13738 000000010
3050 000001000
10586 010000000
19290 000100000
1851 000000001
9323 000000100
5715 100000000
17635 001000000
13723 000000100
3075 000000001
11315 001000000
6411 100000000
1852 000000001
9332 000000100
12276 100000000
18364 001000000
13732 000000100
3076 000000001
12044 001000000
12972 100000000
1855 000000011
15407 000100100
8631 110000000
18311 001001000
13727 000000110
3751 000001001
14231 011000000
12495 100100000
1857 000000010
15641 000100000
4257 010000000
17609 000001000
13721 000000010
3777 000001000
15689 010000000
6177 000100000
1858 000000010
15650 000100000
10818 010000000
18338 000001000
13730 000000010
3778 000001000
16418 010000000
12738 000100000
1866 001000000
2594 000000001
2394 000000100
13314 100000000
1867 001000000
2603 000000001
8955 000000100
14043 100000000
13323 100000000
2395 000000100
3323 000000001
8427 001000000
1873 000000010
8921 000100000
7497 010000000
14017 000001000
13321 000000010
3097 000001000
7697 010000000
8193 000100000
1875 100100000
9155 011000000
3123 000001001
13315 000000110
1877 000000001
9173 000000100
16245 100000000
14773 001000000
13333 000000100
3125 000000001
10613 001000000
14997 100000000
1879 000000010
9407 000100000
11871 010000000
14071 000001000
13327 000000010
3151 000001000
12071 010000000
8679 000100000
1893 001000001
2597 000000101
2637 100000100
15501 101000000
13557 100000100
2397 000000101
2621 001000001
4053 101000000
1895 000000001
2615 000000100
15759 100000000
16959 001000000
13575 000000100
2399 000000001
4079 001000000
17175 100000000
1897 000000010
2849 000100000
11385 010000000
16257 000001000
13569 000000010
2425 000001000
5537 010000000
10857 000100000
1901 000000011
8933 000100100
14301 110000000
16933 001001000
13573 000000110
3101 000001001
8453 011000000
16941 100100000
1904 000000001
9176 000000100
16488 100000000
16960 001000000
13576 000000100
3128 000000001
10640 001000000
17184 100000000
1905 000000010
9401 000100000
5553 010000000
15529 000001000
13561 000000010
3153 000001000
11369 010000000
4305 000100000
1906 000000010
9410 000100000
12114 010000000
16258 000001000
13570 000000010
3154 000001000
12098 010000000
10866 000100000
1921 000000010
2609 000100000
9441 010000000
18417 000001000
13809 000000010
2401 000001000
3377 010000000
12801 000100000
1927 000000010
8927 000100000
7983 010000000
18391 000001000
13807 000000010
3103 000001000
7751 010000000
12567 000100000
1929 100000011
9161 001100100
3609 110000001
17689 001001100
13801 001000110
3129 100001001
9209 011000100
6249 100100001
1930 000000010
9170 000100000
10170 010000000
18418 000001000
13810 000000010
3130 000001000
9938 010000000
12810 000100000
1948 001110001
4628 010010101
8820 100011100
13884 101010010
13188 100011100
4420 010010101
3404 001110001
8268 101010010
1954 010000000
10946 000001000
7362 000000010
13858 000100000
13186 010000000
5122 000100000
7778 000000010
8034 000001000
1957 000110011
11189 010110100
9549 110011000
13885 001011010
13189 000011110
5149 010011001
9965 011110000
8277 100110010
1974 101010011
4622 001110101
2502 110010101
15342 101011100
13422 101010110
4422 100011101
2702 011010101
3894 101110001
1975 001010011
4631 000110101
9063 110010100
16071 101011000
13431 100010110
4423 000011101
3431 011010001
10455 101110000
1981 010000000
10949 000001000
7605 000000010
16045 000100000
13429 010000000
5125 000100000
7805 000000010
10221 000001000
1983 100010011
11183 001110100
3231 110010001
15343 001011100
13423 001010110
5151 100011001
9263 011010100
3903 100110001
1985 000000011
11201 000100100
16353 110000000
16801 001001000
13441 000000110
5153 000001001
10721 011000000
17025 100100000
1993 000010001
17753 000010100
10521 100010000
16073 001010000
13433 000010100
5881 000010001
16553 001010000
10473 100010000
2011 000010000
11195 000010000
10035 000010000
18259 000010000
13675 000010000
5155 000010000
10019 000010000
12651 000010000
2029 001100011
4709 010100101
8901 110001100
13965 101001010
13269 100001110
4501 010001101
3485 011100001
8349 101100010
2035 010000000
11027 000001000
7443 000000010
13939 000100000
13267 010000000
5203 000100000
7859 000000010
8115 000001000
2039 000000010
11279 000100000
16191 010000000
14695 000001000
13279 000000010
5231 000001000
10775 010000000
14919 000100000
2047 000100011
17831 010100100
10359 110001000
13967 001001010
13271 000001110
5959 010001001
16607 011100000
8367 100100010
2055 101000011
4703 001100101
2583 110000101
15423 101001100
13503 101000110
4503 100001101
2783 011000101
3975 101100001
2057 000000011
4721 000100100
15705 110000000
16881 001001000
13521 000000110
4505 000001001
4241 011000000
17097 100100000
2063 000000010
11039 000100000
14247 010000000
16855 000001000
13519 000000010
5207 000001000
8615 010000000
16863 000100000
2066 000000010
11282 000100000
16434 010000000
16882 000001000
13522 000000010
5234 000001000
10802 010000000
17106 000100000
2071 010000001
17591 000001100
8415 100000010
16127 001100000
13511 010000100
5935 000100001
14447 001000010
10311 100001000
2073 100000011
17825 001100100
4041 110000001
15425 001001100
13505 001000110
5961 100001001
15905 011000100
3993 100100001
2074 000000011
17834 000100100
10602 110000000
16154 001001000
13514 000000110
5962 000001001
16634 011000000
10554 100100000
2083 001000011
4715 000100101
9387 110000100
18339 101001000
13755 100000110
4507 000001101
3539 011000001
12723 101100000
2089 010000001
11033 000001100
7929 100000010
18313 001100000
13753 010000100
5209 000100001
7913 001000010
12489 100001000
2091 100000011
11267 001100100
3555 110000001
17611 001001100
13747 001000110
5235 100001001
9371 011000100
6171 100100001
2092 000000011
11276 000100100
10116 110000000
18340 001001000
13756 000000110
5236 000001001
10100 011000000
12732 100100000
2119 000100000
11351 010000000
9711 000001000
14047 000000010
13351 000001000
5311 010000000
10127 000100000
8439 000000010
2137 001000001
4793 000000101
9225 100000100
16233 101000000
13593 100000100
4585 000000101
3593 001000001
10617 101000000
2143 010000010
11111 000101000
7767 010000010
16207 000101000
13591 010000010
5287 000101000
7967 010000010
10383 000101000
2145 100000011
11345 001100100
3393 110000001
15505 001001100
13585 001000110
5313 100001001
9425 011000100
4065 100100001
2146 000000011
11354 000100100
9954 110000000
16234 001001000
13594 000000110
5314 000001001
10154 011000000
10626 100100000
2465 001010101
2721 100010101
17769 101010100
3945 101010001
2481 100010101
2489 001010101
6105 101010001
15825 101010100
2477 000010000
15357 000010000
14853 000010000
3893 000010000
2483 000010000
15843 000010000
19227 000010000
3947 000010000
2490 100000000
2706 001000000
4890 000000001
4674 000000100
2495 000000001
8799 000000100
14367 100000000
6079 001000000
2719 000000100
3167 000000001
8319 001000000
17535 100000000
2499 000000001
9267 000000100
5619 100000000
4675 001000000
2707 000000100
3219 000000001
11235 001000000
4899 100000000
2501 000000001
9285 000000100
18741 100000000
6133 001000000
2725 000000100
3221 000000001
12693 001000000
18021 100000000
2505 100010101
15585 101010100
4161 101010001
4649 001010101
2705 001010101
3921 101010001
15609 101010100
4665 100010101
2507 000010101
15603 100010100
17283 101010000
6107 001010001
2723 000010101
3923 001010001
17067 101010000
17787 100010100
2571 000000001
2787 000000100
4971 100000000
4755 001000000
2573 000000001
2805 000000100
18093 100000000
6213 001000000
2582 000000001
9366 000000100
18822 100000000
6214 001000000
2806 000000100
3302 000000001
12774 001000000
18102 100000000
2585 010000000
15441 000001000
15177 000000010
6161 000100000
2801 010000000
3977 000100000
14961 000000010
17625 000001000
2589 100000000
15909 001000000
6429 000000001
4757 000000100
2789 001000000
4029 100000000
17877 000000100
4989 000000001
2625 100000100
2865 101000000
4809 001000001
2649 000000101
2627 001000000
2883 000000001
17931 000000100
4107 100000000
2643 100000000
2651 000000100
6267 000000001
15987 001000000
2639 010000100
15519 100001000
15015 001000010
4055 000100001
2642 000000100
15762 100000000
17202 001000000
4082 000000001
2657 000000001
8961 000000100
14529 100000000
6241 001000000
2881 000000100
3329 000000001
8481 001000000
17697 100000000
2660 000000001
9204 000000100
16716 100000000
6268 001000000
2884 000000100
3356 000000001
10668 001000000
17940 100000000
2661 100000000
9429 001000000
5781 000000001
4837 000000100
2869 001000000
3381 100000000
11397 000000100
5061 000000001
2667 100000100
15747 101000000
4323 001000001
4811 000000101
2867 001000001
4083 101000000
15771 100000100
4827 000000101
2730 000010000
4650 000010000
2731 000010000
4659 000010000
9291 000010000
5379 000010000
2739 000010000
4651 000010000
3459 000010000
11211 000010000
2737 010010100
10977 100011000
7833 001010010
5353 000110001
2741 000010000
11229 000010000
16581 000010000
6109 000010000
2749 000010000
5381 000010000
10749 000010000
17781 000010000
2743 000010100
11463 100010000
12207 001010000
5407 000010001
2815 000000001
4983 000000100
11559 100000000
5487 001000000
2823 000000100
4759 000000001
5727 001000000
11535 100000000
2819 010000101
11067 100001100
14475 101000010
6163 001100001
2827 010000101
5435 001100001
8643 101000010
17619 100001100
2824 000000100
11544 100000000
12288 001000000
5488 000000001
3179 010000000
15355 000001000
14619 000000010
8267 000100000
8795 010000000
3899 000100000
14827 000000010
13899 000001000
3185 000110001
15841 010010100
18993 100011000
8321 001010010
8801 000011100
3953 010010001
19201 001110000
14385 100010010
3212 000010000
15844 000010000
19236 000010000
10508 000010000
9044 000010000
3956 000010000
19228 000010000
16572 000010000
3230 000000001
9286 000000100
18750 100000000
12694 001000000
3233 010000000
15361 000001000
15105 000000010
12641 000100000
9281 010000000
3905 000100000
14881 000000010
18273 000001000
3237 100000000
15829 001000000
6357 000000001
11237 000000100
9269 001000000
3957 100000000
17797 000000100
5637 000000001
3266 000100000
15922 010000000
19074 000001000
8402 000000010
8882 000001000
4034 010000000
19282 000100000
14466 000000010
3314 010000000
15442 000001000
15186 000000010
12722 000100000
9362 010000000
3986 000100000
14962 000000010
18354 000001000
3318 000000001
15910 000000100
6438 100000000
11318 001000000
9350 000000100
4038 000000001
17878 001000000
5718 100000000
3320 000000001
15928 000000100
19560 100000000
12776 001000000
9368 000000100
4040 000000001
19336 001000000
18840 100000000
3338 000000001
9442 000000100
18426 100000000
8482 001000000
8962 000000100
3386 000000001
12802 001000000
14538 100000000
3341 010000000
15517 000001000
14781 000000010
8429 000100000
8957 010000000
4061 000100000
14989 000000010
14061 000001000
3368 000000001
15520 000000100
15024 100000000
10616 001000000
9200 000000100
4064 000000001
15016 001000000
16248 100000000
3372 100000000
15988 001000000
6276 000000001
9212 000000100
9188 001000000
4116 100000000
17932 000000100
3612 000000001
3374 000000001
16006 000000100
19398 100000000
10670 001000000
9206 000000100
4118 000000001
19390 001000000
16734 100000000
3390 000000001
9430 000000100
5790 100000000
11398 001000000
3392 000000001
9448 000000100
18912 100000000
12856 001000000
3407 000010000
4663 000010000
15375 000010000
8295 000010000
8823 000010000
4655 000010000
4135 000010000
14127 000010000
3409 000100000
4897 010000000
11001 000001000
7593 000000010
8817 000001000
4681 010000000
5593 000100000
7809 000000010
3413 010110001
10981 010011100
13917 100011010
8269 001110010
8821 010011100
5357 010110001
8509 001110010
13893 100011010
3419 000110001
11467 010010100
18291 100011000
8323 001010010
8827 000011100
5411 010010001
12883 001110000
14379 100010010
3421 010010001
17533 000011100
8085 100010010
7541 001110000
8813 010010100
6085 000110001
14341 001010010
7341 100011000
3425 000110001
17785 010010100
16833 100011000
8297 001010010
8825 000011100
6113 010010001
17257 001110000
14145 100010010
3427 000110001
18019 010010100
12459 100011000
7595 001010010
8819 000011100
6139 010010001
18715 001110000
7827 100010010
3435 001000000
4891 000000001
4683 000000100
9051 100000000
3437 001000000
4909 000000001
17805 000000100
10509 100000000
9069 100000000
4685 000000100
6349 000000001
16557 001000000
3449 010000000
17545 000001000
14889 000000010
10457 000100000
9065 010000000
6089 000100000
15097 000000010
16089 000001000
3452 000010001
17788 000010100
17076 100010000
10484 001010000
9068 000010100
6116 000010001
17284 001010000
16332 100010000
3453 100010000
18013 001010000
6141 000010001
9053 000010100
3454 000010001
18022 000010100
12702 100010000
9782 001010000
9062 000010100
6142 000010001
18742 001010000
10014 100010000
3461 000010000
4669 000010000
15861 000010000
12669 000010000
9309 000010000
4661 000010000
4189 000010000
18501 000010000
3463 001010001
4903 000010101
11487 100010100
11967 101010000
9303 100010100
4687 000010101
5647 001010001
12183 101010000
3467 000010000
10987 000010000
14403 000010000
12643 000010000
9307 000010000
5363 000010000
8563 000010000
18267 000010000
3470 000010000
11230 000010000
16590 000010000
12670 000010000
9310 000010000
5390 000010000
10750 000010000
18510 000010000
3471 000010000
11455 000010000
5655 000010000
11239 000010000
9295 000010000
5415 000010000
11479 000010000
5631 000010000
3472 000010001
11464 000010100
12216 100010000
11968 001010000
9304 000010100
5416 000010001
12208 001010000
12192 100010000
3475 000010000
17539 000010000
8571 000010000
11915 000010000
9299 000010000
6091 000010000
14395 000010000
11715 000010000
3477 000010000
17773 000010000
4197 000010000
11213 000010000
9293 000010000
6117 000010000
15853 000010000
5397 000010000
3478 000010000
17782 000010000
10758 000010000
11942 000010000
9302 000010000
6118 000010000
16582 000010000
11958 000010000
3491 001000000
4987 000000001
17643 000000100
8403 100000000
8907 100000000
4763 000000100
6403 000000001
14451 001000000
3503 010000000
17623 000001000
14727 000000010
8351 000100000
8903 010000000
6167 000100000
15151 000000010
13983 000001000
3508 000000001
18100 000000100
12540 100000000
7676 001000000
8900 000000100
6220 000000001
18796 001000000
7908 100000000
3518 001000000
4990 000000001
17886 000000100
10590 100000000
9150 100000000
4766 000000100
6430 000000001
16638 001000000
3530 010000000
17626 000001000
14970 000000010
10538 000100000
9146 010000000
6170 000100000
15178 000000010
16170 000001000
3534 100000000
18094 001000000
6222 000000001
9134 000000100
3536 000000001
18112 000000100
19344 100000000
10592 001000000
9152 000000100
6224 000000001
19552 001000000
16656 100000000
3543 001000001
4975 000000101
5007 100000100
11319 101000000
9375 100000100
4767 000000101
4999 001000001
5703 101000000
3544 000000001
4984 000000100
11568 100000000
12048 001000000
9384 000000100
4768 000000001
5728 001000000
12264 100000000
3556 010000001
17620 000001100
8652 100000010
11996 001100000
9380 010000100
6172 000100001
14476 001000010
11796 100001000
3562 000000001
18106 000000100
13026 100000000
12050 001000000
9386 000000100
6226 000000001
18850 001000000
12282 100000000
3569 001100001
4825 010000101
15537 100001100
8457 101000010
8985 100001100
4817 010000101
4297 001100001
14289 101000010
3571 000100000
5059 010000000
11163 000001000
7755 000000010
8979 000001000
4843 010000000
5755 000100000
7971 000000010
3575 000100000
11143 010000000
14079 000001000
8431 000000010
8983 000001000
5519 010000000
8671 000100000
14055 000000010
3578 000100001
11386 010000100
16266 100001000
8458 001000010
8986 000001100
5546 010000001
10858 001100000
14298 100000010
3580 000100000
11620 010000000
11892 000001000
7756 000000010
8980 000001000
5572 010000000
12316 000100000
7980 000000010
3583 000100000
17695 010000000
8247 000001000
7703 000000010
8975 000001000
6247 010000000
14503 000100000
7503 000000010
3586 000100000
17938 010000000
10434 000001000
7730 000000010
8978 000001000
6274 010000000
16690 000100000
7746 000000010
3596 000000001
4828 000000100
15780 100000000
10644 001000000
9228 000000100
4820 000000001
4324 001000000
16476 100000000
3597 001000000
5053 000000001
4845 000000100
9213 100000000
3598 001000000
5062 000000001
11406 000000100
9942 100000000
9222 100000000
4846 000000100
5782 000000001
10158 001000000
3610 010000001
17698 000001100
8490 100000010
9890 001100000
9218 010000100
6250 000100001
14530 001000010
9690 100001000
3614 000000001
17950 000000100
17238 100000000
10646 001000000
9230 000000100
6278 000000001
17446 001000000
16494 100000000
3616 000000001
18184 000000100
12864 100000000
9944 001000000
9224 000000100
6304 000000001
18904 001000000
10176 100000000
3911 000010000
15599 000010000
16815 000010000
14855 000010000
15359 000010000
3935 000010000
17015 000010000
14871 000010000
3938 000010000
15602 000010000
17058 000010000
17042 000010000
3939 100010000
15827 001010000
6123 000010001
15611 000010100
15587 001010000
3963 100010000
17771 000010100
4179 000010001
3989 010000001
15437 000001100
14709 100000010
14909 001100000
4141 010100000
10973 010001000
7365 000001010
14101 000100010
15373 010001000
5365 010100000
7781 000100010
8061 000001010
4145 000110001
11225 010010100
16113 100011000
14857 001010010
15385 000011100
5393 010010001
10697 001110000
14865 100010010
4153 000010000
17777 000010000
10281 000010000
14129 000010000
15377 000010000
6121 000010000
16529 000010000
8313 000010000
4163 001010000
4667 000010001
15627 000010100
17043 100010000
4177 010010001
17537 000011100
8337 100010010
16289 001110000
15617 010010100
6097 000110001
14369 001010010
10257 100011000
4180 000010000
17780 000010000
10524 000010000
16316 000010000
15620 000010000
6124 000010000
16556 000010000
10500 000010000
4195 010010001
10979 000011100
7851 100010010
18475 001110000
15859 010010100
5371 000110001
7835 001010010
12435 100011000
4198 000010000
11222 000010000
10038 000010000
18502 000010000
15862 000010000
5398 000010000
10022 000010000
12678 000010000
4223 010100000
11063 010001000
14007 000001010
14911 000100010
15463 010001000
5447 010100000
8591 000100010
14703 000001010
4231 010000001
17615 000001100
8175 100000010
14183 001100000
15455 010000100
6175 000100001
14423 001000010
8151 100001000
4258 010000000
17618 000001000
8418 000000010
16370 000100000
15698 010000000
6178 000100000
14450 000000010
10338 000001000
4276 010000000
11060 000001000
7932 000000010
18556 000100000
15940 010000000
5452 000100000
7916 000000010
12516 000001000
4303 000100000
11135 010000000
7527 000001000
14263 000000010
15535 000001000
5527 010000000
7943 000100000
8223 000000010
4306 000100000
11378 010000000
9714 000001000
14290 000000010
15538 000001000
5554 010000000
10130 000100000
8466 000000010
4927 000010000
11247 000010000
10023 000010000
5623 000010000
5005 010000100
11085 100001000
7917 001000010
5677 000100001
5008 000000100
11328 100000000
10104 001000000
5704 000000001
5599 000010000
10999 000010000
7359 000010000
7783 000010000
5605 000010000
11485 000010000
11733 000010000
7837 000010000
11005 000010000
5653 000010000
12157 000010000
7845 000010000
5611 000100000
17803 010000000
10275 000001000
7811 000000010
11003 000001000
6355 010000000
16531 000100000
7611 000000010
5632 000010000
11488 000010000
11976 000010000
10024 000010000
11248 000010000
5656 000010000
12184 000010000
10032 000010000
5635 000000001
17563 000000100
8331 100000000
9971 001000000
11243 000000100
6331 000000001
14371 001000000
9555 100000000
5638 000000001
17806 000000100
10518 100000000
9998 001000000
11246 000000100
6358 000000001
16558 001000000
9798 100000000
5689 000000001
17641 000000100
8169 100000000
7865 001000000
11081 000000100
6409 000000001
14425 001000000
7449 100000000
5692 000100000
17884 010000000
10356 000001000
7892 000000010
11084 000001000
6436 010000000
16612 000100000
7692 000000010
5716 000000001
17644 000000100
8412 100000000
10052 001000000
11324 000000100
6412 000000001
14452 001000000
9636 100000000
5722 000000001
18130 000000100
12786 100000000
10106 001000000
11330 000000100
6466 000000001
18826 001000000
10122 100000000
5761 010000001
11161 000001100
7521 100000010
7945 001100000
5764 000100000
11404 010000000
9708 000001000
7972 000000010
11164 000001000
5788 010000000
10132 000100000
7764 000000010
5800 000000001
17968 000000100
10680 100000000
10160 001000000
11408 000000100
6520 000000001
16720 001000000
9960 100000000
6448 000000001
17888 000000100
10608 100000000
16640 001000000
7307 000010000
7795 000010000
18235 000010000
8083 000010000
7315 000010000
7355 000010000
12403 000010000
14347 000010000
7310 010000000
13870 000001000
14590 000000010
8030 000100000
7313 000110010
14113 010110000
16777 010011000
8057 000011010
7337 010000000
13873 000001000
14833 000000010
10217 000100000
7553 010000000
8033 000100000
14617 000000010
16057 000001000
7343 000011010
14359 000110010
19207 010110000
10271 010011000
7559 000110010
8087 000011010
18991 010011000
16543 010110000
7361 000010000
7801 000010000
18721 000010000
12457 000010000
7363 000010010
13867 000110000
8515 010010000
11675 000011000
7787 000010010
8035 000011000
13915 010010000
11683 000110000
7367 000001010
14119 000100010
17263 010100000
12431 010001000
7799 000100010
8063 000001010
16831 010001000
18487 010100000
7369 000010010
14353 000110000
12889 010010000
11729 000011000
7793 000010010
8089 000011000
18289 010010000
12169 000110000
7391 000000010
13951 000100000
14671 010000000
8111 000001000
7397 000100010
14437 010100000
19045 010001000
8165 000001010
7424 000001000
14440 000000010
19288 000100000
10352 010000000
7640 000100000
8168 000000010
19072 000001000
16624 010000000
7445 000000010
13957 000100000
15157 010000000
12485 000001000
7877 000000010
8117 000001000
14725 010000000
18325 000100000
7448 000000010
14200 000100000
17344 010000000
12512 000001000
7880 000000010
8144 000001000
16912 010000000
18568 000100000
7463 000001000
7471 000000010
14023 000100000
8191 010000000
7469 000000010
7957 000100000
18397 010000000
8245 000001000
7477 000000010
7517 000001000
12565 010000000
14509 000100000
7475 000100010
14275 010100000
16939 010001000
8219 000001010
7496 000000010
7960 000100000
18640 010000000
10432 000001000
7720 000000010
7520 000001000
12592 010000000
16696 000100000
7499 010000000
14035 000001000
14995 000000010
10379 000100000
7715 010000000
8195 000100000
14779 000000010
16219 000001000
7504 000000010
14512 000100000
12808 010000000
9704 000001000
7712 000000010
8248 000001000
18424 010000000
10144 000100000
7522 000001000
7954 000000010
12322 000100000
11890 010000000
7525 010001010
14029 000101010
8677 010100010
11837 010101000
7949 010100010
8197 000101010
14077 010001010
11845 010101000
7528 000001010
14272 000100010
10864 010100000
11864 010001000
7952 000100010
8224 000001010
16264 010001000
12088 010100000
7586 000010000
16546 000010000
19234 000010000
10274 000010000
7604 000010000
9988 000010000
18748 000010000
12460 000010000
7828 000010000
9548 000010000
12700 000010000
18724 000010000
7607 010000000
16063 000001000
15103 000000010
12407 000100000
7823 010000000
10223 000100000
14887 000000010
18247 000001000
7612 000000010
16540 000100000
12916 010000000
11732 000001000
7820 000000010
10276 000001000
18532 010000000
12172 000100000
7688 000000010
16144 000100000
15184 010000000
12488 000001000
7904 000000010
10304 000001000
14968 010000000
18328 000100000
7694 000000010
16630 000100000
19558 010000000
12542 000001000
7910 000000010
10358 000001000
19342 010000000
18814 000100000
7742 010000000
16222 000001000
15022 000000010
10382 000100000
7748 000000010
16708 000100000
19396 010000000
10436 000001000
7760 010000000
9664 000001000
14536 000000010
12568 000100000
7984 010000000
9656 000100000
8488 000000010
18400 000001000
7766 000000010
10150 000100000
18910 010000000
12622 000001000
7990 000000010
9710 000001000
12862 010000000
18886 000100000
7768 000000010
16216 000100000
8704 010000000
11840 000001000
7976 000000010
10384 000001000
14320 010000000
11848 000100000
7774 000000010
16702 000100000
13078 010000000
11894 000001000
7982 000000010
10438 000001000
18694 010000000
12334 000100000
7841 000010000
11689 000010000
14401 000010000
12409 000010000
7849 000010000
11681 000010000
8569 000010000
18241 000010000
7844 000010010
11932 000110000
16588 010010000
12436 000011000
7852 000010010
11708 000011000
10756 010010000
18484 000110000
7846 000010000
12166 000010000
12214 000010000
11734 000010000
7934 000000010
18574 000100000
17398 010000000
12518 000001000
8038 000010000
13862 000010000
8041 000010000
14105 000010000
10225 000010000
13889 000010000
13865 000010000
8065 000010000
16049 000010000
8281 000010000
8071 000010000
14351 000010000
12655 000010000
16103 000010000
14111 000010000
8095 000010000
18263 000010000
10711 000010000
8123 000101010
14195 010100010
16867 010101000
14699 010001010
13955 000101010
8147 010001010
16859 010101000
14923 010100010
8273 000100000
9497 010000000
13897 000001000
14593 000000010
8279 000100000
9983 010000000
18271 000001000
14647 000000010
13903 000001000
9551 010000000
12647 000100000
15079 000000010
8285 000110000
16301 010010000
16813 000011000
14621 000010010
13901 000011000
10253 010010000
17021 000110000
14845 000010010
8287 000010010
16535 000110000
12439 010010000
13919 000011000
13895 000010010
10279 000011000
18479 010010000
8527 000110000
8306 000010010
9986 000110000
18514 010010000
16834 000011000
14146 000010010
9554 000011000
12674 010010000
17266 000110000
8309 010010000
16061 000011000
14869 000010010
16781 000110000
14141 010010000
10229 000110000
14861 000010010
16789 000011000
8314 000010000
16538 000010000
12682 000010000
16106 000010000
14138 000010000
10282 000010000
18506 000010000
10714 000010000
8327 010010000
9503 000011000
14383 000010010
18967 000110000
8330 000010010
9746 000110000
16570 010010000
18994 000011000
14386 000010010
9530 000011000
10514 010010000
19210 000110000
8332 000010010
9980 000110000
12196 010010000
18292 000011000
14380 000010010
9556 000011000
11972 010010000
12892 000110000
8335 000010010
16055 000110000
8551 010010000
18239 000011000
14375 000010010
10231 000011000
14159 010010000
12415 000110000
8338 000010010
16298 000110000
10738 010010000
18266 000011000
14378 000010010
10258 000011000
16346 010010000
12658 000110000
8360 000100000
10064 010000000
18352 000001000
14728 000000010
13984 000001000
9632 010000000
12728 000100000
15160 000000010
8363 010100010
16139 010101000
14707 010001010
14675 000101010
13979 010001010
10307 010101000
14915 010100010
14683 000101010
8366 000100010
16382 010100000
16894 010001000
14702 000001010
13982 000001010
10334 010001000
17102 010100000
14926 000100010
8408 010000000
9584 000001000
14464 000000010
19048 000100000
8414 000000010
10070 000100000
18838 010000000
19102 000001000
14470 000000010
9638 000001000
12782 010000000
19534 000100000
8420 000000010
16388 000100000
17380 010000000
19076 000001000
14468 000000010
10340 000001000
17156 010000000
19300 000100000
8435 000100000
9659 010000000
14059 000001000
14755 000000010
8438 000100000
9902 010000000
16246 000001000
14782 000000010
14062 000001000
9686 010000000
10622 000100000
14998 000000010
8440 000000010
10136 000100000
11872 010000000
14080 000001000
14056 000000010
9712 000001000
12080 010000000
8680 000100000
8462 010000000
9662 000001000
14302 000000010
16942 000100000
8468 000000010
10148 000100000
18676 010000000
16996 000001000
14308 000000010
9716 000001000
12836 010000000
17428 000100000
8492 000000010
9908 000100000
16732 010000000
19156 000001000
14548 000000010
9692 000001000
10676 010000000
19372 000100000
8494 000000010
10142 000100000
12358 010000000
18454 000001000
14542 000000010
9718 000001000
12134 010000000
13054 000100000
8519 000100010
11927 010100000
16111 010001000
14623 000001010
13927 000001010
11711 010001000
10703 010100000
14839 000100010
8543 010000000
11687 000001000
14167 000000010
16783 000100000
8572 000010000
11924 000010000
10036 000010000
18268 000010000
14404 000010000
11716 000010000
10028 000010000
12652 000010000
8597 010100000
11765 010001000
14005 000001010
14677 000100010
8600 000000010
12008 000100000
16192 010000000
14704 000001000
14008 000000010
11792 000001000
10784 010000000
14920 000100000
8624 010000000
11768 000001000
14248 000000010
16864 000100000
8654 000000010
12014 000100000
16678 010000000
19078 000001000
14494 000000010
11798 000001000
10838 010000000
19294 000100000
9794 010000000
16090 000001000
15106 000000010
12650 000100000
10010 010000000
10466 000100000
14890 000000010
18274 000001000
9800 000010000
16576 000010000
19480 000010000
12704 000010000
10016 000010000
10520 000010000
19264 000010000
18760 000010000
9956 010000000
16252 000001000
15268 000000010
12812 000100000
10172 010000000
10628 000100000
15052 000000010
18436 000001000
10034 000010000
12202 000010000
18778 000010000
12706 000010000
10042 000010000
11978 000010000
12946 000010000
18754 000010000
10040 000010000
18520 000010000
17320 000010000
12680 000010000
10118 010000000
18358 000001000
15214 000000010
12734 000100000
10469 000010000
16085 000010000
14629 000010000
14837 000010000
10472 000010000
16328 000010000
16816 000010000
14864 000010000
16088 000010000
10496 000010000
17024 000010000
14872 000010000
10502 000010000
16574 000010000
19246 000010000
17078 000010000
16334 000010000
10526 000010000
19238 000010000
17302 000010000
10550 010000000
16166 000001000
14710 000000010
14918 000100000
10556 000100000
16652 010000000
19084 000001000
14972 000000010
16172 000001000
10604 010000000
19292 000100000
15196 000000010
10706 000110000
11954 010010000
16114 000011000
14866 000010010
10760 000010000
11960 000010000
16600 000010000
19240 000010000
10768 000010000
18512 000010000
16592 000010000
12688 000010000
10820 010000000
18356 000001000
14980 000000010
17108 000100000
16436 010000000
12740 000100000
15188 000000010
16900 000001000
10868 000100000
12116 010000000
16276 000001000
15028 000000010
12220 000010000
17060 000010000
